{
  "calibDataSource": "160422_calib_tent13_norm",
  "cameras": [
    {
      "name": "00_03",
      "type": "hd",
      "resolution": [1920, 1080],
      "K": [
        [1397.21, 0, 950.563],
        [0, 1394.06, 565.694],
        [0, 0, 1]
      ],
      "distCoef": [-0.286076, 0.179787, -0.00024877, 0.000216189, -0.0458576],
      "R": [
        [-0.6398574136, -0.02856086169, 0.7679627383],
        [0.07251071636, 0.992607153, 0.09733054915],
        [-0.7650651516, 0.1179632017, -0.6330560772]
      ],
      "t": [
        [-12.82634653],
        [118.0983305],
        [285.3213573]
      ],
      "panel": 0,
      "node": 3
    },
    {
      "name": "00_06",
      "type": "hd",
      "resolution": [1920, 1080],
      "K": [
        [1397.06, 0, 951.324],
        [0, 1393.61, 548.802],
        [0, 0, 1]
      ],
      "distCoef": [-0.285811, 0.182134, -0.000208357, 0.00114507, -0.0469778],
      "R": [
        [0.9526902996, -0.04878471384, -0.3000020746],
        [-0.1958615622, 0.6562345106, -0.7286937048],
        [0.2324208285, 0.752978299, 0.6156332023]
      ],
      "t": [
        [-8.934845719],
        [80.47056857],
        [380.5787661]
      ],
      "panel": 0,
      "node": 6
    },
    {
      "name": "00_12",
      "type": "hd",
      "resolution": [1920, 1080],
      "K": [
        [1396.3, 0, 964.516],
        [0, 1393.06, 563.848],
        [0, 0, 1]
      ],
      "distCoef": [-0.2903, 0.193774, -0.000299024, 0.000664956, -0.058348],
      "R": [
        [-0.992641141, 0.04264285975, -0.1133364535],
        [-0.01361196809, 0.890718507, 0.454351467],
        [0.1203257225, 0.4525506908, -0.8835833819]
      ],
      "t": [
        [21.30022365],
        [99.76498882],
        [330.9356912]
      ],
      "panel": 0,
      "node": 12
    },
    {
      "name": "00_13",
      "type": "hd",
      "resolution": [1920, 1080],
      "K": [
        [1591.24, 0, 937.462],
        [0, 1587.6, 563.669],
        [0, 0, 1]
      ],
      "distCoef": [-0.23459, 0.210043, -1.08788e-05, 0.000501576, -0.0119359],
      "R": [
        [-0.2622312855, 0.07402845689, -0.96216139],
        [-0.763225395, 0.5942280278, 0.2537322355],
        [0.5905266711, 0.8008825373, -0.09932478135]
      ],
      "t": [
        [-20.8800548],
        [58.96122399],
        [381.9527735]
      ],
      "panel": 0,
      "node": 13
    },
    {
      "name": "00_23",
      "type": "hd",
      "resolution": [1920, 1080],
      "K": [
        [1574.78, 0, 940.792],
        [0, 1570.34, 560.546],
        [0, 0, 1]
      ],
      "distCoef": [-0.243717, 0.20726, -0.000410568, 0.000376085, -0.00713067],
      "R": [
        [0.4968169474, 0.01226278331, 0.8677687162],
        [0.1460941906, 0.9844489522, -0.09755382099],
        [-0.8554702848, 0.1752423598, 0.4872994019]
      ],
      "t": [
        [7.007243622],
        [101.9249307],
        [298.7701177]
      ],
      "panel": 0,
      "node": 23
    }
  ]
}
